time: 3658.9366443157196 seconds

final scores:
Nr of Parts: 6
Util:        0.9738971573650128
Seam:        0.8622401687766144

Weights:
PART_WEIGHT = 1
UTIL_WEIGHT = 0.1
SEAM_WEIGHT = 0
