time: 4226.188795566559 seconds

final scores:
Nr of Parts: 9
Util:        0.9735185865108137
Seam:        0.46251960397412417

Weights:
PART_WEIGHT = 1
UTIL_WEIGHT = 0.1
SEAM_WEIGHT = 0.001
