time: 21287.363414287567 seconds

final scores:
Nr of Parts: 12
Util:        0.9999753339892182
Seam:        0.3404524592293862

Weights:
PART_WEIGHT = 1
UTIL_WEIGHT = 0.001
SEAM_WEIGHT = 0.0001
