time: 18228.310256958008 seconds

final scores:
Nr of Parts: 6
Util:        0.9786317152287753
Seam:        0.5815566065618895

Weights:
PART_WEIGHT = 1
UTIL_WEIGHT = 0.1
SEAM_WEIGHT = 0.001
