time: 5137.310459852219 seconds

final scores:
Nr of Parts: 7
Util:        0.9637583329087961
Seam:        0.12973614403039685

Weights:
PART_WEIGHT = 1
UTIL_WEIGHT = 0.1
SEAM_WEIGHT = 0.001
