time: 16805.917622327805 seconds

final scores:
Nr of Parts: 12
Util:        0.9942628508886927
Seam:        1.0585200106684398

Weights:
PART_WEIGHT = 1
UTIL_WEIGHT = 0.05
SEAM_WEIGHT = 0.0001
