time: 147830.53527116776 seconds

final scores:
Nr of Parts: 12
Util:        0.9999999968263285
Seam:        0.09071820288108386

Weights:
PART_WEIGHT = 1
UTIL_WEIGHT = 0.05
SEAM_WEIGHT = 0.001
