time: 38161.63995099068 seconds

final scores:
Nr of Parts: 6
Util:        0.9941941451220049
Seam:        1.082129054121415

Weights:
PART_WEIGHT = 1
UTIL_WEIGHT = 0.1
SEAM_WEIGHT = 0.0001
