time: 21121.621448516846 seconds

final scores:
Nr of Parts: 12
Util:        0.9999753339892182
Seam:        0.3404524592293862

Weights:
PART_WEIGHT = 1
UTIL_WEIGHT = 0.1
SEAM_WEIGHT = 0.01
