time: 8824.933576345444 seconds

final scores:
Nr of Parts: 6
Util:        0.9740837173195162
Seam:        0.28695090674192236

Weights:
PART_WEIGHT = 1
UTIL_WEIGHT = 0.1
SEAM_WEIGHT = 0.001
