time: 2093.5729479789734 seconds

final scores:
Nr of Parts: 3
Util:        0.9397080546032652
Seam:        2.2701847200525886

Weights:
PART_WEIGHT = 1
UTIL_WEIGHT = 0.1
SEAM_WEIGHT = 0.001
