time: 3712.142715215683 seconds

final scores:
Nr of Parts: 6
Util:        0.9741484676656277
Seam:        0.4546209763417231

Weights:
PART_WEIGHT = 1
UTIL_WEIGHT = 0.1
SEAM_WEIGHT = 0.001
