time: 17437.892768144608 seconds

final scores:
Nr of Parts: 6
Util:        0.9952799508498186
Seam:        0.6182204105210468

Weights:
PART_WEIGHT = 1
UTIL_WEIGHT = 0.1
SEAM_WEIGHT = 0.001
