time: 9166.441483259201 seconds

final scores:
Nr of Parts: 6
Util:        0.977855255570284
Seam:        1.881988544692937

Weights:
PART_WEIGHT = 1
UTIL_WEIGHT = 0.1
SEAM_WEIGHT = 0.001
