time: 1510.9411323070526 seconds

final scores:
Nr of Parts: 6
Util:        0.9743418343414499
Seam:        0.501174630767852

Weights:
PART_WEIGHT = 1
UTIL_WEIGHT = 0.1
SEAM_WEIGHT = 0.001
