time: 719.8584578037262 seconds

final scores:
Nr of Parts: 3
Util:        0.975137760604404
Seam:        0.30443011439781265

Weights:
PART_WEIGHT = 1
UTIL_WEIGHT = 0.1
SEAM_WEIGHT = 0.001
