time: 3601.5217022895813 seconds

final scores:
Nr of Parts: 5
Util:        0.9734547556305002
Seam:        0.2579689678998083

Weights:
PART_WEIGHT = 1
UTIL_WEIGHT = 0.1
SEAM_WEIGHT = 0.001
