time: 30859.21672296524 seconds

final scores:
Nr of Parts: 6
Util:        0.9950532654467322
Seam:        0.6196917215460405

Weights:
PART_WEIGHT = 1
UTIL_WEIGHT = 0.1
SEAM_WEIGHT = 0.001
