time: 2977.9483695030212 seconds

final scores:
Nr of Parts: 6
Util:        0.9743356301298306
Seam:        0.35124174840680633

Weights:
PART_WEIGHT = 1
UTIL_WEIGHT = 0.1
SEAM_WEIGHT = 0.001
