time: 60475.98642325401 seconds

final scores:
Nr of Parts: 6
Util:        0.9951174933905998
Seam:        0.6281470499819786

Weights:
PART_WEIGHT = 1
UTIL_WEIGHT = 0.1
SEAM_WEIGHT = 0.001
