time: 3582.707219839096 seconds

final scores:
Nr of Parts: 6
Util:        0.9738696286410844
Seam:        0.48070598087238914

Weights:
PART_WEIGHT = 1
UTIL_WEIGHT = 0.1
SEAM_WEIGHT = 0.0001
