time: 12996.878924369812 seconds

final scores:
Nr of Parts: 6
Util:        0.9950888256601288
Seam:        0.6525283604544544

Weights:
PART_WEIGHT = 1
UTIL_WEIGHT = 0.1
SEAM_WEIGHT = 0.001
