time: 3461.167675971985 seconds

final scores:
Nr of Parts: 7
Util:        0.9822312178157525
Seam:        0.5081973961865578

Weights:
PART_WEIGHT = 1
UTIL_WEIGHT = 0.1
SEAM_WEIGHT = 0.001
