time: 10901.35151553154 seconds

final scores:
Nr of Parts: 6
Util:        0.9949843073419927
Seam:        0.6738715008276521

Weights:
PART_WEIGHT = 1
UTIL_WEIGHT = 0.1
SEAM_WEIGHT = 0.001
