time: 2291.9974608421326 seconds

final scores:
Nr of Parts: 4
Util:        0.9803919940987738
Seam:        0.1841961453791582

Weights:
PART_WEIGHT = 1
UTIL_WEIGHT = 0.0005
SEAM_WEIGHT = 0.0001
