time: 64380.62361764908 seconds

final scores:
Nr of Parts: 6
Util:        0.9950532654467322
Seam:        0.6280658803422126

Weights:
PART_WEIGHT = 1
UTIL_WEIGHT = 0.1
SEAM_WEIGHT = 0.001
