time: 27731.34069800377 seconds

final scores:
Nr of Parts: 6
Util:        0.9952745316319749
Seam:        0.6141030262128175

Weights:
PART_WEIGHT = 1
UTIL_WEIGHT = 0.1
SEAM_WEIGHT = 0.001
