time: 40744.35755062103 seconds

final scores:
Nr of Parts: 6
Util:        0.9950532654467322
Seam:        0.647095894483092

Weights:
PART_WEIGHT = 1
UTIL_WEIGHT = 0.1
SEAM_WEIGHT = 0.001
