time: 17864.40293455124 seconds

final scores:
Nr of Parts: 12
Util:        0.9943222121076215
Seam:        1.0681777066656766

Weights:
PART_WEIGHT = 1
UTIL_WEIGHT = 0.1
SEAM_WEIGHT = 0.001
