time: 19469.690370559692 seconds

final scores:
Nr of Parts: 6
Util:        0.9951174933905998
Seam:        0.6245106937552347

Weights:
PART_WEIGHT = 1
UTIL_WEIGHT = 0.1
SEAM_WEIGHT = 0.001
