time: 27465.44440960884 seconds

final scores:
Nr of Parts: 6
Util:        0.994988370685922
Seam:        0.6700197641301303

Weights:
PART_WEIGHT = 1
UTIL_WEIGHT = 0.1
SEAM_WEIGHT = 0.001
