time: 48852.82934427261 seconds

final scores:
Nr of Parts: 6
Util:        0.9953956711715669
Seam:        0.6027844152074784

Weights:
PART_WEIGHT = 1
UTIL_WEIGHT = 0.1
SEAM_WEIGHT = 0.001
