time: 1111.1690032482147 seconds

final scores:
Nr of Parts: 3
Util:        0.9823533772229426
Seam:        0.3802034714319178

Weights:
PART_WEIGHT = 1
UTIL_WEIGHT = 0.1
SEAM_WEIGHT = 0.001
