time: 20887.70676612854 seconds

final scores:
Nr of Parts: 12
Util:        0.9999753339892182
Seam:        0.3404524592293862

Weights:
PART_WEIGHT = 1
UTIL_WEIGHT = 0.0001
SEAM_WEIGHT = 0.0001
