time: 18654.74485683441 seconds

final scores:
Nr of Parts: 12
Util:        0.9987738028446497
Seam:        1.040972040091096

Weights:
PART_WEIGHT = 1
UTIL_WEIGHT = 0
SEAM_WEIGHT = 0
