time: 3580.9450182914734 seconds

final scores:
Nr of Parts: 6
Util:        0.9738971573650128
Seam:        0.8622401687766144

Weights:
PART_WEIGHT = 1
UTIL_WEIGHT = 0.15
SEAM_WEIGHT = 0
