time: 36685.170026779175 seconds

final scores:
Nr of Parts: 6
Util:        0.9941941451220049
Seam:        1.1082445722838978

Weights:
PART_WEIGHT = 1
UTIL_WEIGHT = 0.15
SEAM_WEIGHT = 0.0001
